#OPU buildings
#
#ジオイド高：38.0285
#
# %建物名,読み込む建物面数,建物全長[m],建物楕円体高度[m]
# -建物面名称
# 建物面向かって左上の頂点1の緯度, 経度
# 建物面向かって右上の頂点2の緯度, 経度
#
#建物を追加したい場合は上の例に倣って追加
#
%B3棟,2,24,86.5285
-SW
34.545417,135.504438
34.545050,135.504861
-NW
34.545729,135.504831
34.545417,135.504438
%B4棟,2,17,79.0285
-NE
34.544810,135.504574
34.545643,135.503619
-NW
34.545643,135.503619
34.545220,135.503099
%B4棟西中庭,4,17,79.0285
-NE
34.545454,135.503683
34.544871,135.504361
-SE
34.545265,135.503796
34.545068,135.503544
-SW
34.544586,135.503999
34.545177,135.503300
-NW
34.545177,135.503300
34.545454,135.503683
%B5棟,4,28,93.0285
-SE
34.545941,135.503839
34.546256,135.504242
-SW
34.546420,135.503285
34.545941,135.503839
-NW
34.546739,135.503685
34.546420,135.503285
-NE
34.546256,135.504242
34.546739,135.503685
%B16棟,1,1.5,66.5285
-NW
34.546172,135.504340
34.545920,135.504023
%B11棟,2,15,77.5285
-SW
34.547154,135.502835
34.546827,135.503216
-SE
34.546827,135.503216
34.547340,135.503875
%B11棟2,1,24,86.5285
-SE
34.547098,135.503555
34.547169,135.503652
%ゴミ捨て場,3,15.5,77.0285
-NE
34.546616,135.503374
34.546700,135.503283
-NW
34.546700,135.503283
34.546587,135.503138
-SW
34.546587,135.503138
34.546514,135.503232
%I-WING寮,1,9,73.0285
-E
34.546011,135.501902
34.546429,135.501947
%I-WING,1,3.5,69.5285
-SE
34.546429,135.501947
34.546573,135.502133
%B6棟,1,19,82.0285
-NW
34.546103,135.503104
34.545989,135.502970
%B8棟,1,8,71.0285
-NW
34.546062,135.502581
34.545956,135.502450
%B9棟,1,8.5,71.5285
-NW
34.545910,135.502413
34.545802,135.502277
%学外マンション,1,37.5,98.5285
-S
34.547517,135.501978
34.547510,135.502265
%C10棟,2,44,111.0285
-NE
34.5442080,135.5090208
34.5443604,135.5089244
-NW
34.5443604,135.5089244
34.5441235,135.5083610